Depot 0;Gare de Feyzin;Raffinerie;Louise Michel;Hector Berlioz;Les Razes;Vernay;Ile de la Chevre
0.00;0.000;0.963;0.654;1.174;1.847;2.201;2.290
0.000;0.000;0.963;0.654;1.174;1.847;2.201;2.290
0.963;0.963;0.000;0.309;0.830;1.502;1.238;1.945
0.654;0.654;0.309;0.000;0.521;1.193;1.547;1.636
1.174;1.174;0.830;0.521;0.000;1.150;2.068;1.592
1.847;1.847;1.502;1.193;1.150;0.000;2.741;2.265
2.201;2.201;1.238;1.547;2.068;2.741;0.000;3.183
2.290;2.290;1.945;1.636;1.592;2.265;3.183;0.000
